1RB1LE_1LC1LF_0LC1RD_1RA0RB_---0RD_0LF0LE
0,0;2,0_1,0;1,0_3,0;4,1_3,0;4,1_1,0;5,0_3,0;4,1
0,0;2,0_1,0;1,0_3,0;4,-1_3,0;4,-1_3,0;4,-1
0,1,2,3,4,5_0,2
0,1,2_4,0,1,2,3
D,1,5,2,1,1_D,1,5,4,1,1_D,0,3,4,0,0_A,0,4,2,1,1_B,1,3,4,2,2_A,1,4,0,1,1_E,1,2,2,0,0_E,1,3,3,0,0_D,1,5,3,1,1_B,1,3,2,2,2_B,0,2,0,0,0_A,0,4,3,1,1_E,1,5,2,0,0_E,1,5,4,0,0_D,1,3,0,0,0_A,0,4,4,1,1_B,1,5,0,1,1_E,1,2,3,0,0_F,0,5,3,1,1_A,1,4,2,2,2_C,1,4,4,0,0_F,1,4,4,1,1_D,1,3,3,1,1_E,1,5,3,0,0_B,0,3,4,1,1_C,0,3,4,0,0_C,0,3,2,0,0_C,1,4,3,0,0_B,0,3,2,1,1_F,0,5,2,1,1_F,0,5,4,1,1_F,1,4,3,1,1_C,0,2,2,0,0_C,0,3,3,0,0_D,0,5,2,0,0_D,0,5,4,0,0_D,1,3,4,1,1_B,0,3,3,1,1_D,0,2,3,0,0_B,1,5,3,2,2_D,1,3,2,1,1_D,1,2,0,0,0_B,0,3,0,0,0_D,0,5,3,0,0_C,0,2,4,0,0_B,1,5,2,2,2_B,1,5,4,2,2_C,1,0,3,0,0_E,1,3,2,0,0_B,1,3,3,2,2_C,0,5,3,0,0_D,0,2,4,0,0_B,0,5,3,1,1_E,1,3,4,0,0_C,0,2,3,0,0_B,1,3,0,1,1_F,0,3,4,1,1_A,0,0,0,0,0_C,0,5,2,0,0_D,0,2,2,0,0_B,0,5,2,1,1_B,0,5,4,1,1_D,0,3,3,0,0_F,0,3,2,1,1_C,0,5,4,0,0_A,1,4,3,2,2_D,0,3,2,0,0_F,0,3,3,1,1_C,1,0,2,0,0_A,1,4,4,2,2_E,1,2,4,0,0_F,1,4,2,1,1
1RB1LE_1LC1LF_1RA1RD_0RD0RB_---0LC_0LF0LE
0,0;2,0_1,0;1,0_3,0;4,1_3,0;4,1_1,0;5,0_3,0;4,1
0,0;2,0_1,0;1,0_3,0;4,-1_3,0;4,-1_3,0;4,-1
0,1,2,3,4,5_0,2
0,1,2_0,1,2,3,4
E,1,5,2,0,0_D,0,2,3,0,0_B,1,5,0,1,1_B,1,3,3,2,2_F,1,4,2,1,1_A,1,4,2,2,2_E,1,2,4,0,0_C,1,0,3,0,0_D,0,3,3,0,0_B,0,3,2,1,1_F,0,3,2,1,1_C,0,3,4,0,0_D,0,5,4,0,0_D,1,2,0,0,0_E,1,2,2,0,0_D,0,5,3,0,0_B,0,5,2,1,1_B,1,3,0,1,1_F,0,5,2,1,1_A,0,0,0,0,0_B,0,3,0,0,0_D,1,3,4,1,1_B,1,5,2,2,2_E,1,3,3,0,0_D,0,2,2,0,0_B,1,3,2,2,2_E,1,5,3,0,0_E,1,5,4,0,0_C,0,5,3,0,0_D,0,3,4,0,0_C,0,5,4,0,0_C,0,3,3,0,0_C,0,2,2,0,0_D,1,3,3,1,1_E,1,3,4,0,0_D,1,5,3,1,1_D,1,5,4,1,1_C,0,5,2,0,0_A,0,4,3,1,1_D,1,3,0,0,0_B,0,3,4,1,1_F,1,4,4,1,1_C,0,2,4,0,0_F,0,3,4,1,1_A,1,4,4,2,2_C,0,3,2,0,0_A,0,4,4,1,1_F,1,4,3,1,1_A,1,4,3,2,2_C,0,2,3,0,0_D,1,3,2,1,1_C,1,4,4,0,0_B,0,2,0,0,0_C,1,4,3,0,0_B,1,3,4,2,2_D,1,5,2,1,1_D,0,3,2,0,0_B,0,3,3,1,1_F,0,3,3,1,1_A,1,4,0,1,1_D,0,2,4,0,0_D,0,5,2,0,0_B,0,5,3,1,1_B,0,5,4,1,1_F,0,5,4,1,1_E,1,2,3,0,0_F,0,5,3,1,1_C,1,0,2,0,0_E,1,3,2,0,0_A,0,4,2,1,1_B,1,5,3,2,2_B,1,5,4,2,2
1RB1RC_0RC1LE_1LD1LF_0RA0LD_---1RA_0LE0LF
0,0;2,0_1,0;1,0_3,1;4,0_1,0;5,0_3,1;4,0_3,1;4,0
0,0;2,-1_1,0;1,0_0,0;2,-1
1,2,3,4,5,0_0,2
1_0,1,2
C,0,3,0,1,1_E,1,4,0,0,0_F,0,5,0,0,0_E,1,5,2,0,0_A,0,3,0,0,0_D,1,0,0,0,0_D,1,5,0,0,0_E,1,3,0,0,0_C,0,5,2,1,1_A,0,4,0,0,0_A,0,5,2,0,0_B,1,4,0,1,1_B,1,5,2,1,1_C,0,4,0,1,1_C,1,5,0,2,2_B,0,4,0,0,0_B,0,5,2,0,0_F,1,4,2,1,1_A,1,5,0,1,1_A,0,0,0,0,0_D,0,4,2,-1,-1_C,0,5,0,1,1_A,0,5,0,0,0_B,1,5,0,1,1_D,1,3,0,0,0_C,1,5,2,2,2_A,1,4,0,1,1_B,0,5,0,0,0_C,1,4,0,2,2_A,1,5,2,1,1_A,0,4,2,0,0_D,1,3,2,0,0_B,1,4,2,1,1_D,0,5,0,-1,-1_C,0,4,2,1,1_D,0,0,0,0,0_F,0,2,2,0,0_E,1,2,0,0,0_B,0,4,2,0,0_D,1,2,2,0,0_F,1,5,2,1,1_F,1,4,0,1,1_D,0,5,2,-1,-1_D,0,4,0,-1,-1_E,1,3,2,0,0_F,0,2,0,0,0_E,1,2,2,0,0_A,1,4,2,1,1_C,1,4,2,2,2_D,1,2,0,0,0_F,1,5,0,1,1_A,0,2,2,0,0_A,0,0,2,0,0_B,0,2,2,0,0_C,0,3,2,1,1_F,0,4,2,0,0_A,0,3,2,0,0_D,1,4,2,0,0_C,1,3,2,2,2_A,1,3,2,1,1_A,0,2,0,0,0_F,1,3,0,1,1_B,0,2,0,0,0_E,1,4,2,0,0_C,1,3,0,2,2_A,1,3,0,1,1_F,1,3,2,1,1_D,0,2,0,-1,-1_F,0,5,2,0,0_E,1,0,0,0,0_E,1,5,0,0,0_F,0,4,0,0,0_D,1,5,2,0,0_D,1,4,0,0,0_D,0,2,2,-1,-1
1RB1LD_1LC1LF_0LC1RA_---1RE_0RE0RB_0LF0LD
0,0;2,0_1,0;1,0_3,0;4,1_5,0;1,0_3,0;4,1_5,0;1,0
0,0;2,0_1,0;1,0_3,0;4,-1_3,0;4,-1_3,0;4,-1
2,3,4,5,0,1_0,2
0,1,2_0,1,2,3,4
D,1,0,2,0,0_C,1,2,3,-1,-1_C,1,4,4,-1,-1_E,1,4,2,1,1_E,0,5,4,0,0_F,0,5,2,1,1_B,1,5,4,2,2_F,0,3,3,1,1_F,0,5,3,1,1_B,0,5,0,0,0_E,1,2,0,0,0_B,0,3,0,0,0_C,1,0,3,0,0_C,1,4,3,-1,-1_C,1,2,4,-1,-1_E,0,3,3,0,0_E,0,5,3,0,0_A,1,4,4,1,1_E,0,2,3,0,0_E,0,4,4,0,0_B,1,5,2,2,2_F,0,3,4,1,1_B,1,4,0,1,1_B,0,4,2,1,1_B,1,4,3,2,2_E,0,3,4,0,0_B,1,3,2,2,2_F,0,4,4,1,1_A,1,2,0,0,0_A,0,2,3,0,0_A,0,4,4,0,0_E,1,3,3,1,1_E,1,5,3,1,1_C,0,4,4,0,0_C,0,2,3,0,0_B,0,4,3,1,1_B,1,4,2,2,2_F,1,4,4,0,0_B,0,3,2,1,1_C,0,3,4,0,0_F,1,2,3,0,0_E,1,3,4,1,1_B,0,5,4,1,1_C,1,0,2,0,0_D,1,2,3,-1,-1_D,1,4,4,-1,-1_E,1,4,4,1,1_B,1,5,0,1,1_B,0,5,2,1,1_B,1,3,0,1,1_C,0,3,3,0,0_B,0,5,3,1,1_B,0,3,3,1,1_C,0,5,2,0,0_C,0,5,3,0,0_E,1,4,3,1,1_D,1,0,3,0,0_D,1,4,3,-1,-1_D,1,2,4,-1,-1_E,1,3,2,1,1_C,0,5,4,0,0_A,0,2,4,0,0_A,0,4,3,0,0_A,1,4,2,1,1_E,0,2,2,0,0_E,0,4,2,0,0_E,1,5,4,1,1_B,0,3,4,1,1_C,0,3,2,0,0_B,0,4,4,1,1_F,1,2,4,0,0_E,1,5,2,1,1_F,0,4,2,1,1_C,0,2,4,0,0_C,0,4,3,0,0_F,1,4,3,0,0_A,0,0,0,0,0_C,0,2,2,0,0_C,0,4,2,0,0_A,0,2,2,0,0_A,0,4,2,0,0_A,1,4,3,1,1_E,0,3,2,0,0_E,0,2,4,0,0_B,0,2,0,0,0_B,1,4,4,2,2_F,1,2,2,0,0_F,1,4,2,0,0_E,1,3,0,0,0_E,0,4,3,0,0_E,1,5,0,0,0_B,1,3,4,2,2_E,0,5,2,0,0_B,1,5,3,2,2_B,1,3,3,2,2_F,0,3,2,1,1_F,0,5,4,1,1_F,0,4,3,1,1
1RB0LA_0RC1LD_1LA1LF_---0RE_1RE1RC_0LD0LF
0,0;2,0_1,0;1,0_3,0;4,1_1,0;5,0_3,0;4,1_1,0;5,0
0,0;2,0_1,0;1,0_3,0;4,-1_3,0;4,-1_3,0;4,-1
0,1,2,3,4,5_0,2
0,1,2_3,4,0,1,2
B,0,2,0,0,0_A,1,5,2,0,0_B,0,4,4,1,1_B,1,4,3,2,2_E,0,3,3,0,0_F,1,5,2,1,1_A,1,3,4,0,0_F,1,3,4,1,1_E,1,3,0,0,0_E,1,5,3,1,1_F,0,4,3,1,1_C,0,3,0,0,0_D,1,2,3,0,0_D,1,2,4,0,0_C,0,5,3,1,1_D,1,2,2,0,0_A,1,3,3,0,0_E,0,3,4,0,0_E,0,5,2,0,0_F,1,3,3,1,1_A,1,3,2,0,0_E,0,5,4,0,0_F,1,3,2,1,1_D,1,4,3,0,0_F,0,4,2,1,1_B,1,4,0,1,1_A,0,4,4,0,0_B,1,4,2,2,2_C,1,3,4,2,2_D,1,4,4,0,0_C,1,5,2,2,2_A,0,4,3,0,0_A,1,5,3,0,0_B,0,4,2,1,1_C,1,5,4,2,2_F,1,5,3,1,1_E,1,5,2,1,1_E,1,3,4,1,1_C,0,5,4,1,1_A,0,0,0,0,0_A,0,2,2,0,0_C,0,3,4,1,1_E,1,5,4,1,1_C,0,5,2,1,1_A,0,2,3,0,0_C,1,3,2,2,2_A,0,2,4,0,0_E,0,5,3,0,0_C,1,3,3,2,2_C,1,5,0,1,1_C,0,5,0,0,0_C,0,3,3,1,1_E,1,3,2,1,1_B,1,4,4,2,2_E,1,5,0,0,0_E,1,3,3,1,1_A,0,4,2,0,0_B,0,4,3,1,1_C,0,3,2,1,1_F,0,4,4,1,1_D,1,4,2,0,0_C,1,3,0,1,1_E,0,3,2,0,0_C,1,5,3,2,2_A,1,5,4,0,0_F,1,5,4,1,1
1RB1RF_0LC1LD_1LC1LA_0LA1RE_---0RB_0RE0RF
0,0;2,0_1,0;1,0_3,0;4,1_3,0;4,1_3,0;4,1
0,0;2,0_1,0;1,0_3,0;4,0_1,0;5,-1_3,0;4,0_3,0;4,0
0,1,2,3,4_0,1,2
0,2_2,3,4,5,0,1
D,1,4,4,-1,-1_A,0,0,2,0,0_A,0,0,4,0,0_C,0,3,4,0,0_C,1,2,4,-1,-1_B,1,2,2,0,0_B,1,4,4,0,0_E,1,2,5,0,0_F,1,3,4,-1,-1_C,0,3,0,0,0_A,1,3,4,-2,-2_A,0,3,3,0,0_F,0,2,2,0,0_F,0,4,4,0,0_C,1,4,5,-1,-1_A,1,0,4,-1,-1_C,0,3,3,1,1_D,0,2,5,0,0_C,1,3,5,-1,-1_E,1,4,3,1,1_C,0,2,0,0,0_C,0,4,2,0,0_A,0,3,4,-1,-1_A,1,3,3,-1,-1_B,0,4,4,1,1_A,0,0,0,0,0_F,1,3,3,0,0_C,1,2,3,0,0_D,0,2,2,0,0_D,0,4,4,0,0_A,1,3,5,-2,-2_B,1,4,3,1,1_C,1,0,2,0,0_C,1,0,4,0,0_A,0,2,4,-1,-1_F,1,3,5,-1,-1_A,1,2,3,-1,-1_C,0,3,5,0,0_A,1,0,3,0,0_C,1,3,3,0,0_A,0,4,5,-1,-1_F,1,2,3,0,0_B,1,2,5,0,0_A,1,2,4,-2,-2_E,1,2,2,0,0_E,1,4,4,0,0_C,0,4,5,0,0_F,1,2,4,-1,-1_A,0,3,5,-1,-1_D,1,2,5,-1,-1_C,0,2,4,0,0_C,1,3,4,-1,-1_F,0,2,5,0,0_A,1,4,5,-2,-2_C,0,3,2,0,0_C,1,0,0,0,0_F,1,4,5,-1,-1_A,0,2,3,0,0_F,1,4,4,-1,-1_E,1,3,2,0,0_A,1,4,4,-2,-2_E,1,2,4,0,0_B,1,3,0,0,0_F,0,3,4,0,0_D,0,3,5,0,0_C,1,2,5,-1,-1_C,0,4,0,0,0_D,1,3,4,-1,-1_C,0,2,2,0,0_B,0,2,0,0,0_C,0,4,4,0,0_B,1,3,4,0,0_E,1,4,5,0,0_B,0,4,2,1,1_B,1,2,0,0,0_A,0,4,4,-1,-1_B,1,4,2,0,0_D,0,3,2,0,0_B,0,3,4,1,1_D,1,0,2,0,0_D,1,0,4,0,0_D,0,2,4,0,0_E,1,3,5,0,0_C,1,4,3,0,0_B,0,3,0,0,0_B,1,3,3,1,1_F,0,4,2,0,0_D,0,4,5,0,0_B,1,3,5,0,0_A,1,4,3,-1,-1_E,1,2,0,0,0_E,1,4,2,0,0_B,0,4,5,1,1_A,1,0,5,-1,-1_A,0,2,5,-1,-1_F,1,4,3,0,0_D,1,3,5,-1,-1_F,0,3,5,0,0_D,0,3,4,0,0_B,0,3,2,1,1_C,0,4,3,1,1_E,1,3,3,1,1_C,1,4,4,-1,-1_B,1,2,4,0,0_E,1,3,0,0,0_F,0,4,5,0,0_A,1,2,5,-2,-2_F,1,2,5,-1,-1_D,1,2,4,-1,-1_B,1,3,2,0,0_D,0,4,2,0,0_A,0,4,3,0,0_B,1,4,5,0,0_E,1,3,4,0,0_F,0,2,4,0,0_C,0,2,5,0,0_F,0,3,2,0,0_B,0,3,5,1,1_D,1,4,5,-1,-1
1RB1RF_0LC0RB_1LD1LA_0LA1RE_---1LC_0RE0RF
0,0;2,0_1,0;1,0_3,0;4,1_3,0;4,1_3,0;4,1
0,0;2,0_1,0;1,0_3,-1;4,0_1,0;5,0_3,-1;4,0_3,-1;4,0
0,1,2,3,4_0,1,2
0,2_0,1,2,3,4,5
C,1,4,4,-1,-1_F,1,3,3,-1,-1_C,0,2,0,0,0_F,0,4,4,0,0_E,1,3,3,0,0_D,1,2,4,-1,-1_C,1,2,3,-1,-1_A,1,4,5,-2,-2_A,1,3,4,-2,-2_B,1,2,0,0,0_C,0,4,0,0,0_F,0,2,5,0,0_E,1,3,5,0,0_C,0,3,4,0,0_C,0,4,5,0,0_A,0,4,5,-1,-1_D,0,3,5,0,0_A,0,3,4,-1,-1_E,1,4,3,0,0_F,1,4,3,-1,-1_C,1,2,5,-1,-1_F,1,3,5,-1,-1_D,0,2,2,0,0_C,1,0,2,0,0_C,0,2,4,0,0_E,1,2,2,0,0_A,0,2,4,-1,-1_C,1,3,3,-1,-1_C,0,3,2,0,0_A,1,2,4,-2,-2_F,1,4,4,-1,-1_B,1,3,0,0,0_D,0,4,4,0,0_E,1,4,4,0,0_B,1,4,2,0,0_B,1,3,2,0,0_F,1,2,3,-1,-1_C,1,0,4,0,0_C,0,3,0,0,0_C,0,4,2,0,0_D,1,3,4,-1,-1_B,0,3,5,1,1_D,1,4,5,-1,-1_E,1,2,3,0,0_C,1,0,0,0,0_B,1,2,4,0,0_E,1,2,5,0,0_F,0,3,5,0,0_D,0,2,5,0,0_C,1,4,3,-1,-1_F,1,2,5,-1,-1_C,1,3,5,-1,-1_A,1,2,5,-2,-2_D,0,4,2,0,0_A,0,2,3,-1,-1_B,0,4,5,1,1_E,1,3,0,0,0_B,0,3,4,1,1_E,1,4,2,0,0_C,0,2,3,0,0_D,1,3,5,-1,-1_F,0,4,5,0,0_B,1,2,2,0,0_C,0,2,5,0,0_A,0,2,5,-1,-1_D,1,0,4,0,0_F,0,3,4,0,0_B,1,4,4,0,0_A,1,2,3,-2,-2_C,1,3,4,-1,-1_C,1,4,5,-1,-1_B,0,2,0,0,0_B,1,2,5,0,0_C,0,2,2,0,0_D,0,2,4,0,0_E,1,2,4,0,0_A,1,4,4,-2,-2_F,1,2,4,-1,-1_D,1,0,2,0,0_D,0,3,2,0,0_E,1,3,2,0,0_C,0,4,4,0,0_A,1,0,5,-1,-1_A,0,4,4,-1,-1_A,1,0,3,-1,-1_A,1,4,3,-2,-2_A,1,3,5,-2,-2_F,0,4,2,0,0_A,0,0,4,0,0_B,1,3,3,0,0_D,1,2,5,-1,-1_B,0,3,0,0,0_A,0,4,3,-1,-1_B,0,4,2,1,1_E,1,3,4,0,0_C,0,3,5,0,0_A,0,3,5,-1,-1_D,0,3,4,0,0_E,1,4,5,0,0_A,0,0,0,0,0_C,0,4,3,0,0_D,0,4,5,0,0_A,1,0,4,-1,-1_F,1,4,5,-1,-1_F,1,3,4,-1,-1_F,0,2,4,0,0_B,1,3,5,0,0_D,1,4,4,-1,-1_B,1,4,3,0,0_A,0,0,2,0,0_A,1,3,3,-2,-2_B,0,3,2,1,1_C,1,2,4,-1,-1_F,0,3,2,0,0_D,1,0,5,0,0_E,1,2,0,0,0_A,0,3,3,-1,-1_C,0,3,3,0,0_F,0,2,2,0,0_B,0,4,4,1,1_B,1,3,4,0,0_B,1,4,5,0,0_C,1,0,5,0,0
1RB---_1LC1LF_---0LD_0RE0RA_1RE1RA_0LC0LF
0,0;2,0_1,0;1,0_3,1;4,0_1,0;5,0_1,0;5,0_3,1;4,0
0,0;2,0_1,0;1,0_3,0;1,0_4,0;5,-1_3,0;1,0_3,0;1,0
0,1,2,3,4,5_2,0
0,2_1,2,3,4,5,0
F,1,4,5,1,1_C,1,3,4,0,0_E,1,2,0,0,0_E,0,2,3,0,0_A,0,4,0,0,0_E,0,4,4,0,0_E,1,5,3,1,1_C,1,3,2,0,0_A,0,4,2,1,1_D,1,5,3,0,0_B,0,5,0,0,0_E,0,3,4,0,0_A,0,3,5,1,1_C,1,4,5,0,0_F,0,5,3,0,0_F,1,3,4,1,1_F,1,4,4,1,1_A,0,0,0,0,0_D,0,0,3,0,0_E,0,0,2,0,0_E,1,5,0,0,0_C,1,4,2,0,0_D,0,2,3,-1,-1_A,0,3,2,1,1_B,0,2,0,0,0_E,0,0,4,0,0_A,0,4,5,1,1_B,0,5,3,1,1_C,1,3,5,0,0_C,1,0,2,0,0_E,0,4,2,0,0_A,0,4,4,1,1_F,1,4,2,1,1_E,0,5,3,0,0_D,1,2,3,0,0_B,1,5,0,1,1_E,0,3,5,0,0_A,0,3,4,1,1_F,1,3,5,1,1_F,0,2,3,0,0_F,1,5,3,1,1_E,0,3,2,0,0_F,1,3,2,1,1_C,1,0,4,0,0_C,1,4,4,0,0_E,0,0,5,0,0_E,0,4,5,0,0_D,0,5,3,-1,-1_B,1,5,3,2,2
1RB1RE_0LC0LA_1LC1LD_1LA---_0RF0RE_---0RB
0,0;2,0_1,0;1,0_3,0;1,0_4,0;5,1_3,0;1,0_3,0;1,0
0,0;2,0_1,0;1,0_3,-1;4,0_1,0;5,0_1,0;5,0_3,-1;4,0
0,1,2,3,4,5_0,2
0,2_5,0,1,2,3,4
D,0,0,2,0,0_B,1,2,5,0,0_C,0,4,2,0,0_B,0,5,2,1,1_A,1,3,4,-2,-2_E,0,4,2,0,0_B,0,2,0,0,0_F,1,3,4,0,0_B,0,4,0,0,0_C,0,3,3,0,0_C,0,5,5,0,0_D,0,5,5,-1,-1_B,1,5,2,0,0_E,0,5,5,0,0_F,1,3,3,0,0_C,0,4,5,0,0_C,0,3,4,0,0_D,0,4,5,-1,-1_A,1,0,4,-1,-1_E,1,2,5,-1,-1_E,0,4,5,0,0_B,1,2,2,0,0_A,1,0,3,-1,-1_A,1,3,3,-2,-2_E,0,2,5,0,0_B,1,4,2,0,0_C,0,3,0,0,0_C,0,2,5,0,0_B,0,5,5,1,1_C,1,3,3,-1,-1_D,0,0,5,0,0_D,0,2,5,-1,-1_A,0,0,0,0,0_B,0,4,2,1,1_C,0,5,2,0,0_C,1,0,4,0,0_A,0,3,4,-1,-1_B,1,5,5,0,0_E,1,3,4,-1,-1_E,1,4,5,-1,-1_C,1,0,0,0,0_A,0,0,4,0,0_B,1,4,5,0,0_E,0,5,2,0,0_E,0,2,2,0,0_F,1,3,0,0,0_B,0,4,5,1,1_A,0,3,3,-1,-1_C,0,2,2,0,0_C,1,3,4,-1,-1_E,1,5,5,-1,-1_E,1,3,3,-1,-1
1RB1RF_1LC0RB_0LA1RD_---0LE_1LE1LA_0RD0RF
0,0;2,0_1,0;1,0_3,0;4,0_3,0;4,0_5,0;6,1_5,0;6,1_5,0;6,1
0,0;2,0_1,0;1,0_3,0;4,-1_1,0;5,0_3,0;4,-1_1,0;5,0
2,3,4,5,6,0,1_0,1,2,3,4
0,2_1,2,3,4,5,0
B,0,4,2,0,0_B,1,3,0,0,0_B,1,3,4,-,0_C,0,5,4,-1,-1_C,1,4,4,-2,-2_E,0,5,3,0,0_D,1,4,4,0,0_E,0,3,2,0,0_A,0,0,4,-,-1_F,0,4,4,-1,-1_B,0,6,2,0,0_F,1,4,5,-1,-1_C,0,6,4,-1,-1_F,0,2,2,0,0_B,1,3,2,0,0_E,1,5,5,-1,-1_E,1,4,3,-1,-1_A,0,6,5,-1,-1_A,1,6,5,-2,-2_A,0,0,0,0,0_B,0,4,4,0,0_A,0,2,5,0,0_A,0,3,5,0,0_D,1,6,2,0,0_E,0,6,5,0,0_A,1,2,5,-1,-1_A,1,3,5,-1,-1_E,1,4,5,-1,-1_F,1,4,3,-1,-1_B,1,6,5,0,0_E,1,2,3,0,0_B,1,5,5,0,0_E,1,5,3,-1,-1_A,0,0,2,0,0_A,0,3,3,0,0_C,1,2,4,-1,-1_B,0,5,4,0,0_A,1,3,3,-1,-1_E,0,5,5,0,0_F,1,6,3,-1,-1_B,1,2,2,0,0_F,0,3,2,0,0_C,1,6,4,-2,-2_E,1,6,3,-1,-1_A,0,5,5,-1,-1_A,1,5,5,-2,-2_C,1,3,4,-1,-1_E,0,2,2,0,0_F,1,2,3,0,0_D,1,5,4,0,0_F,0,5,4,-1,-1_F,1,5,3,-1,-1_A,1,0,3,0,0_D,1,3,0,0,0_E,1,0,4,-,-1_F,0,3,4,0,0_C,0,4,4,-1,-1_C,1,5,4,-2,-2_E,0,4,5,0,0_C,0,2,2,0,0_F,1,2,5,0,0_B,1,4,5,0,0_F,1,3,5,0,0_A,0,4,3,-1,-1_A,1,4,3,-2,-2_F,0,6,4,-1,-1_D,1,6,4,0,0_E,1,0,0,0,0_B,1,2,0,0,0_B,0,3,0,0,0_F,0,2,4,0,0_A,1,0,5,0,0_E,0,4,3,0,0_E,1,2,5,0,0_E,1,3,5,0,0_E,0,2,0,0,0_B,1,4,3,0,0_B,0,6,4,0,0_A,0,4,5,-1,-1_A,1,4,5,-2,-2_F,1,6,5,-1,-1_A,0,2,3,0,0_E,0,2,4,-,-1_A,1,2,3,-1,-1_A,0,5,3,-1,-1_A,1,5,3,-2,-2_D,1,5,2,0,0_E,1,6,5,-1,-1_B,1,6,3,0,0_D,1,2,0,0,0_D,1,4,2,0,0_E,1,0,2,0,0_E,1,3,3,0,0_B,1,2,4,-,0_E,0,6,3,0,0_F,1,5,5,-1,-1_C,0,3,2,0,0_E,0,3,0,0,0_E,0,3,4,-,-1_F,1,3,3,0,0_B,0,5,2,0,0_B,1,5,3,0,0_A,0,6,3,-1,-1_A,1,6,3,-2,-2_B,0,2,0,0,0_C,1,0,2,0,0
